81.58999633789062
82.14749908447266
82.08000183105469
81.9677963256836
80.80000305175781
81.4260025024414
80.98500061035156
81.7603988647461
81.75340270996094
81.68990325927734
81.52899932861328
81.810302734375
80.9000015258789
81.43399810791016
81.28099822998047
81.26100158691406
81.81719970703125
81.81379699707031
81.3489990234375
80.62300109863281
80.375
81.18199920654297
81.39779663085938
80.79340362548828
81.58599853515625
79.7300033569336
79.10600280761719
79.57569885253906
80.11699676513672
78.4800033569336
79.20320129394531
78.07879638671875
76.53399658203125
77.04109954833984
76.82499694824219
77.625
78.17240142822266
77.72039794921875
77.13800048828125
77.38069915771484
77.6729965209961
75.48799896240234
76.05500030517578
76.09049987792969
76.10289764404297
74.79499816894531
75.63899993896484
76.631103515625
76.9894027709961
76.54730224609375
77.15139770507812
78.7249984741211
79.70890045166016
79.47000122070312
80.48310089111328
80.06199645996094
80.34500122070312
79.66799926757812
79.3489990234375
79.74299621582031
79.86799621582031
79.802001953125
79.90799713134766
79.9229965209961
80.05570220947266
80.0873031616211
80.58000183105469
80.04000091552734
79.70999908447266
79.6520004272461
79.89700317382812
79.98500061035156
79.89099884033203
80.83999633789062
81.01570129394531
