81.9760971069336
82.19010162353516
81.95500183105469
81.7040023803711
81.09609985351562
82.06700134277344
82.4000015258789
82.19999694824219
81.88500213623047
81.78780364990234
81.71610260009766
81.69989776611328
81.5250015258789
82.3595962524414
81.93379974365234
81.55650329589844
81.7750015258789
81.63099670410156
81.5634994506836
81.57499694824219
82.04019927978516
81.86699676513672
81.70809936523438
81.502197265625
81.07260131835938
81.31269836425781
81.4207992553711
81.36840057373047
81.6061019897461
81.5553970336914
81.5708999633789
81.69879913330078
81.77320098876953
82.7249984741211
81.49569702148438
81.53900146484375
81.56300354003906
81.8561019897461
81.67130279541016
79.35099792480469
79.2958984375
80.464599609375
80.02200317382812
80.11039733886719
79.88400268554688
79.28260040283203
78.61109924316406
78.035400390625
76.60469818115234
76.97350311279297
76.92500305175781
75.27999877929688
77.00910186767578
76.99710083007812
76.99849700927734
78.197998046875
79.23059844970703
79.80000305175781
79.7072982788086
79.72139739990234
79.87999725341797
79.93000030517578
80.92500305175781
80.82499694824219
80.1769027709961
80.29129791259766
80.05999755859375
80.10700225830078
79.95829772949219
80.39649963378906
80.48999786376953
80.37999725341797
79.81300354003906
79.78299713134766
80.11380004882812
80.50849914550781
80.19629669189453
80.60749816894531
80.09089660644531
80.11060333251953
80.12149810791016
79.88700103759766
79.93009948730469
80.15840148925781
80.0989990234375
79.92500305175781
80.06700134277344
80.052001953125
80.01840209960938
80.00759887695312
80.17269897460938
81.35399627685547
81.1500015258789
81.57749938964844
81.56759643554688
